206,2317,2503,2984,2484,2588,2399,2444,3214,2651,2707,3063,3154,3183,2953
2317,206,2353,2486,1992,2112,2567,2304,3079,2481,2251,2603,2693,2749,2713
2503,2353,206,2616,2490,2543,3057,2815,3612,2974,2672,2840,2988,3143,3214
2984,2486,2616,206,2401,2247,3187,2649,3264,2853,2284,2105,2340,2755,2860
2484,1992,2490,2401,206,1988,2747,2304,3165,2479,2959,2630,2840,3324,2838
2588,2112,2543,2247,1988,206,2736,2245,2913,2421,1955,2307,2399,2419,2503
2399,2567,3057,3187,2747,2736,206,2399,2890,2379,2855,3203,3282,3087,2731
2444,2306,2815,2649,2304,2245,2399,206,2638,1995,2244,2713,2705,2497,2267
3214,3079,3612,3264,3165,2913,2890,2638,206,2463,2837,3021,2952,2484,2231
2651,2481,2974,2853,2479,2421,2379,1995,2463,206,2442,2771,2939,2475,2161
2371,2251,2672,2284,2959,1955,2855,2244,2837,2442,206,2169,2267,2287,2371
3063,2603,2840,2105,2630,2307,3203,2713,3021,2771,2169,206,2052,2490,2702
3154,2693,2988,2340,2840,2399,3282,2705,2952,2939,2267,2046,206,2313,2552
3194,2749,3143,2755,3324,2419,3087,2497,2484,2475,2287,2490,2313,206,2076
2953,2713,3214,2860,2838,2503,2731,2267,2231,2161,2371,2702,2552,2076,206
3492,3276,3820,3415,4003,3083,3165,2831,2233,2663,2968,3118,2891,2468,2344

