1.00,26.80,36.90,62.90,35.90,41.50,31.20,33.70,75.30,44.80,47.90,67.10,72.00,73.60,61.20
26.80,1.00,28.80,36.00,9.30,15.80,40.30,26.10,68.00,35.70,23.30,42.30,47.10,50.20,48.20
36.90,28.80,1.00,43.00,36.20,39.00,66.80,53.70,96.80,62.30,46.00,55.10,63.10,71.50,75.30
62.90,36.00,43.00,1.00,31.30,23.10,73.80,44.70,78.00,55.80,25.00,15.40,28.10,50.50,56.20
35.90,9.30,36.20,31.30,1.00,9.10,50.10,26.10,72.60,35.60,61.50,43.80,55.10,81.20,55.00
41.50,15.80,39.00,23.10,9.10,1.00,49.50,23.00,59.00,32.40,7.30,26.30,31.20,32.30,36.90
31.20,40.30,66.80,73.80,50.10,49.50,1.00,31.20,57.80,30.20,55.90,74.70,78.90,68.40,49.20
33.70,26.20,53.70,44.70,26.10,23.00,31.20,1.00,44.20,9.50,22.90,48.20,47.80,36.60,24.10
75.30,68.00,96.80,78.00,72.60,59.00,57.80,44.20,1.00,34.70,54.90,64.90,61.10,35.90,22.20
44.80,35.70,62.30,55.80,35.60,32.40,30.20,9.50,34.70,1.00,33.60,51.30,60.40,35.40,18.40
29.80,23.30,46.00,25.00,61.50,7.30,55.90,22.90,54.90,33.60,1.00,18.80,24.10,25.20,29.80
67.10,42.30,55.10,15.40,43.80,26.30,74.70,48.20,64.90,51.30,18.80,1.00,12.50,36.20,47.60
72.00,47.10,63.10,28.10,55.10,31.20,78.90,47.80,61.10,60.40,24.10,12.20,1.00,26.60,39.50
74.20,50.20,71.50,50.50,81.20,32.30,68.40,36.60,35.90,35.40,25.20,36.20,26.60,1.00,13.80
61.20,48.20,75.30,56.20,55.00,36.90,49.20,24.10,22.20,18.40,29.80,47.60,39.50,13.80,1.00
90.30,78.70,108.00,86.10,117.90,68.20,72.60,54.60,22.30,45.50,62.00,70.10,57.90,35.00,28.30

