15,411,565,963,550,636,479,516,1154,687,734,1028,1104,1128,938
411,15,441,551,142,242,618,400,1042,547,356,648,722,769,738
565,441,15,658,554,598,1024,823,1483,954,705,844,966,1095,1154
963,551,658,15,480,353,1131,686,1194,855,384,236,430,773,861
550,142,554,4176,15,139,767,400,1113,545,942,670,844,1244,843
636,242,598,353,139,15,758,352,905,497,112,403,479,495,565
479,618,1024,1131,767,758,15,479,885,462,856,1145,1210,1048,754
516,402,823,686,400,352,479,15,677,145,350,738,732,560,370
1154,1042,1483,1194,1113,905,885,677,15,532,841,994,936,550,340
687,547,954,855,545,497,462,145,532,15,515,787,926,542,282
456,356,705,384,942,112,856,350,841,515,15,288,370,387,456
1028,648,844,236,670,403,1145,738,994,787,288,15,192,554,729
1104,722,966,430,844,479,1210,732,936,926,370,187,15,408,606
1137,769,1095,773,1244,495,1048,560,550,542,387,554,408,15,211
938,738,1154,861,843,565,754,370,340,282,456,729,606,211,15
1383,1205,1655,1320,1806,1045,1113,837,341,698,950,1074,886,536,433
